4294967278,58
4294967278,57
4294967279,426
4294967279,424
4294967279,291
4294967278,60
4294967278,59
4294967279,395
4294967279,286
4294967279,471
4294967279,287
4294967278,61
4294967279,303
4294967279,257
4294967279,457
4294967279,84
4294967279,83
4294967279,276
4294967278,364
4294967279,423
4294967279,302
4294967279,285
4294967279,498
4294967278,304
4294967278,383
4294967279,82
4294967278,363
4294967278,256
4294967278,341
4294967279,79
4294967279,76
4294967279,74
4294967278,322
4294967278,293
4294967278,436
4294967278,244
4294967279,422
4294967278,314
4294967278,339
4294967278,238
4294967278,411
4294967278,232
4294967278,225
4294967278,345
4294967278,224
4294967278,267
4294967278,287
4294967278,362
4294967278,302
4294967278,216
4294967279,69
4294967279,68
4294967279,67
4294967279,65
4294967278,337
4294967278,435
4294967278,421
4294967278,211
4294967278,292
4294967278,207
4294967279,421
4294967278,203
4294967279,420
4294967279,62
4294967278,406
4294967278,200
4294967278,326
4294967278,198
4294967279,59
4294967279,58
4294967279,57
4294967279,56
4294967279,54
4294967278,432
4294967279,314
4294967278,196
4294967278,336
4294967279,388
4294967278,194
4294967278,413
4294967278,192
4294967279,193
4294967278,335
4294967278,190
4294967279,50
4294967279,49
4294967278,299
4294967278,188
4294967278,443
4294967278,186
4294967279,45
4294967279,44
4294967279,43
4294967278,442
446,2
446,4
446,5
446,6
4294967278,319
4294967278,405
4294967278,182
4294967279,41
4294967279,39
4294967279,37
4294967279,36
4294967278,440
4294967279,182
4294967278,243
4294967279,504
4294967278,179
4294967278,412
4294967278,176
4294967279,177
4294967279,34
4294967279,384
4294967279,289
4294967278,260
4294967279,31
4294967279,29
4294967279,26
4294967279,25
4294967279,24
4294967279,21
4294967279,17
4294967279,16
4294967279,14
4294967279,13
4294967279,12
443,2
4294967279,164
4294967294,5
443,4
443,5
438,2
438,5
438,4
4294967294,418
4294967294,92
4294967294,88
4294967294,12
4294967294,1163
4294967294,83
4294967278,131
4294967278,127
4294967278,126
4294967278,125
4294967278,124
4294967278,122
4294967278,119
4294967278,118
4294967278,117
4294967278,116
4294967278,115
4294967278,400
4294967278,114
4294967278,313
4294967278,113
4294967278,327
4294967278,112
4294967278,111
4294967278,110
4294967278,109
4294967278,108
4294967278,338
4294967278,107
4294967278,106
4294967278,105
4294967278,104
4294967278,103
4294967278,301
4294967278,102
4294967278,101
4294967278,100
4294967278,99
4294967278,98
4294967278,407
4294967278,97
4294967278,312
4294967278,96
4294967278,324
4294967278,95
4294967278,311
4294967278,94
4294967278,320
4294967278,93
4294967278,92
4294967278,91
4294967278,387
4294967278,90
4294967278,89
4294967278,447
4294967278,87
4294967278,86
4294967278,85
4294967278,84
4294967278,83
4294967278,82
4294967278,81
4294967278,80
4294967278,79
4294967278,78
4294967278,77
4294967278,76
4294967278,75
4294967278,74
4294967278,73
4294967278,72
4294967278,71
4294967278,70
4294967278,69
4294967278,68
4294967278,67
4294967278,66
4294967278,65
4294967278,64
4294967278,63
4294967278,62
4294967279,174
4294967279,85
4294967279,81
4294967279,80
4294967279,78
4294967279,77
4294967279,75
4294967279,73
4294967279,72
4294967279,71
4294967279,70
4294967279,66
4294967279,64
4294967279,63
4294967279,61
4294967279,60
4294967279,55
4294967279,53
4294967279,52
4294967279,51
4294967279,48
4294967279,47
4294967279,42
4294967279,38
4294967279,35
4294967279,33
4294967279,32
4294967279,27
4294967279,23
4294967279,22
4294967279,20
4294967279,19
4294967279,18
4294967279,11
4294967279,10
4294967279,9
4294967279,8
4294967279,6
4294967279,5
4294967279,4
4294967279,160
4294967278,347
4294967278,0
4294967279,46
4294967279,158
4294967294,30
4294967294,61
4294967294,11
4294967294,68
4294967294,1075
4294967294,190
4294967279,40
4294967279,288
4294967279,419
4294967279,149
4294967279,146
476,6
476,5
476,4
4294967279,144
476,3
476,2
476,1
4294967279,30
4294967294,81
4294967279,478
4294967279,412
4294967279,0
4294967279,310
4294967278,360
4294967279,28
4294967294,599
4294967294,457
4294967294,450
4294967294,469
4294967294,463
4294967294,452
4294967279,392
4294967294,6
4294967294,89
4294967279,290
4294967279,272
4294967279,7
4294967294,50
4294967278,329
4294967279,15
4294967279,465
4294967279,260
4294967279,416
4294967294,38
4294967279,266
4294967279,265
4294967279,262
4294967279,264
473,5
473,4
4294967279,263
473,3
473,2
473,1
4294967279,509
4294967278,132
4294967279,284
4294967279,259
4294967278,328
4294967279,258
4294967278,303
4294967278,129
4294967278,368
4294967294,392
4294967294,389
4294967278,130
4294967278,403
4294967278,273
471,6
4294967294,489
4294967278,128
4294967278,381
4294967278,429
